21
10
9.84239e-01
3.03057e-01
6.38254e-01
8.24639e-01
8.22767e-01
3.53612e-01
3.48600e-03
7.86652e-01
9.87838e-01
5.77952e-01
6.73589e-01
2.58681e-01
1.01185e+00
9.39689e-01
7.39299e-01
4.11966e-01
7.65450e-03
8.58905e-01
6.10009e-01
7.51823e-01
6.73902e-01
3.16233e-01
8.92691e-01
8.98729e-01
6.44737e-01
4.99733e-01
1.73715e-02
9.30338e-01
5.09785e-01
7.60580e-01
6.62775e-01
3.46909e-01
9.65067e-01
9.92189e-01
4.05907e-01
4.73411e-01
1.55078e-02
9.18685e-01
5.62723e-01
7.79370e-01
6.56927e-01
4.56931e-01
9.75685e-01
1.03986e+00
3.11974e-01
5.00218e-01
1.68614e-02
8.53787e-01
4.86147e-01
7.95828e-01
5.61137e-01
4.09721e-01
8.80186e-01
1.01477e+00
2.67558e-01
4.73486e-01
1.18315e-02
9.20068e-01
4.15074e-01
7.79875e-01
6.77150e-01
4.33436e-01
8.95246e-01
1.00381e+00
2.61840e-01
4.70665e-01
2.87205e-02
8.91155e-01
5.34791e-01
7.73853e-01
5.82773e-01
4.09908e-01
9.59743e-01
9.36698e-01
2.58182e-01
4.93366e-01
2.85289e-02
9.25692e-01
5.73020e-01
7.24879e-01
7.01267e-01
4.09163e-01
9.14069e-01
8.11705e-01
2.91115e-01
5.33027e-01
4.06459e-02
9.48664e-01
4.82457e-01
7.38927e-01
6.80745e-01
3.84434e-01
8.89546e-01
9.28671e-01
3.37097e-01
5.10963e-01
2.66807e-02
8.97120e-01
5.42639e-01
8.00622e-01
6.48993e-01
3.90058e-01
9.71470e-01
1.00211e+00
2.89477e-01
5.15359e-01
3.73840e-02
9.30144e-01
5.18395e-01
7.64478e-01
6.96501e-01
3.55550e-01
9.55593e-01
9.74325e-01
3.30063e-01
4.80336e-01
4.65763e-02
9.16372e-01
5.02503e-01
7.83022e-01
6.49007e-01
3.59639e-01
8.97122e-01
9.15714e-01
3.79668e-01
4.55704e-01
2.85946e-02
9.64997e-01
5.32626e-01
7.86515e-01
5.85574e-01
3.93782e-01
9.33293e-01
8.95071e-01
3.52693e-01
4.50531e-01
2.88665e-02
1.03748e+00
5.35139e-01
8.00302e-01
6.01961e-01
3.45963e-01
8.01139e-01
9.17118e-01
2.78451e-01
4.72658e-01
3.79460e-02
9.03434e-01
5.43697e-01
8.38168e-01
5.75007e-01
3.80851e-01
9.05692e-01
9.63640e-01
2.78409e-01
5.59316e-01
3.92686e-02
9.12319e-01
5.35544e-01
8.00438e-01
6.25157e-01
4.51204e-01
8.64519e-01
9.31549e-01
2.63569e-01
4.73363e-01
3.27076e-02
1.02462e+00
5.07643e-01
7.17683e-01
6.40188e-01
3.76319e-01
8.97956e-01
9.74409e-01
2.34374e-01
4.82608e-01
4.31016e-02
9.36419e-01
5.37851e-01
8.03569e-01
6.51798e-01
3.24262e-01
8.23699e-01
9.84741e-01
3.08618e-01
4.44389e-01
3.17176e-02
1.02944e+00
5.06523e-01
7.82743e-01
6.39614e-01
4.32403e-01
8.12453e-01
9.15134e-01
2.42659e-01
4.31933e-01
4.85945e-02
8.55200e-01
5.41118e-01
7.77569e-01
6.33197e-01
4.72778e-01
8.89879e-01
1.02441e+00
2.71077e-01
4.49187e-01
5.34413e-02
9.70527e-01
4.92524e-01
7.17862e-01
