25
5
7.00000e-01
1.20000e-01
1.40000e-01
1.60000e-01
1.80000e-01
9.19360e-01
2.35862e-01
8.87366e-01
5.24165e-01
1.91032e-01
1.11340e+00
4.27882e-01
9.68623e-01
1.00777e+00
3.06252e-01
1.10991e+00
6.24036e-01
9.85593e-01
1.15441e+00
5.14899e-01
1.04047e+00
7.60102e-01
9.91960e-01
1.14542e+00
7.07199e-01
9.66923e-01
8.34142e-01
9.95149e-01
1.09719e+00
8.39234e-01
9.04888e-01
8.64551e-01
9.96982e-01
1.04753e+00
9.14883e-01
8.56432e-01
8.68984e-01
9.98105e-01
1.00680e+00
9.51230e-01
8.20029e-01
8.59761e-01
9.98813e-01
9.76513e-01
9.64050e-01
7.93411e-01
8.44464e-01
9.99261e-01
9.55445e-01
9.64405e-01
7.74397e-01
8.27431e-01
9.99545e-01
9.41654e-01
9.59135e-01
7.61111e-01
8.10977e-01
9.99722e-01
9.33226e-01
9.52108e-01
7.52023e-01
7.96215e-01
9.99832e-01
9.28527e-01
9.45315e-01
7.45932e-01
7.83562e-01
9.99899e-01
9.26267e-01
9.39627e-01
7.41922e-01
7.73053e-01
9.99940e-01
9.25492e-01
9.35287e-01
7.39319e-01
7.64522e-01
9.99965e-01
9.25535e-01
9.32213e-01
7.37642e-01
7.57715e-01
9.99979e-01
9.25960e-01
9.30187e-01
7.36560e-01
7.52352e-01
9.99988e-01
9.26506e-01
9.28952e-01
7.35851e-01
7.48166e-01
9.99993e-01
9.27030e-01
9.28272e-01
7.35373e-01
7.44921e-01
9.99996e-01
9.27467e-01
9.27956e-01
7.35039e-01
7.42415e-01
9.99998e-01
9.27798e-01
9.27858e-01
7.34793e-01
7.40484e-01
9.99999e-01
9.28031e-01
9.27879e-01
7.34605e-01
7.38996e-01
9.99999e-01
9.28184e-01
9.27952e-01
7.34457e-01
7.37849e-01
1.00000e+00
9.28276e-01
9.28040e-01
7.34338e-01
7.36963e-01
1.00000e+00
9.28325e-01
9.28123e-01
