49
6
7.09788e-01
6.77650e-01
8.01738e-01
7.07367e-01
7.01092e-01
1.37800e-01
9.69764e-01
9.35198e-01
1.11543e+00
9.33703e-01
9.73819e-01
4.05739e-01
1.34694e+00
1.10515e+00
1.01000e+00
1.05757e+00
1.02934e+00
7.49939e-01
1.23292e+00
1.00975e+00
9.90341e-01
9.98686e-01
9.04264e-01
8.00624e-01
1.06775e+00
8.60573e-01
1.06705e+00
9.18338e-01
7.41445e-01
9.00200e-01
1.20840e+00
7.48607e-01
7.88430e-01
7.52255e-01
5.86660e-01
9.29213e-01
1.29357e+00
6.04435e-01
6.78835e-01
6.32154e-01
4.73798e-01
8.61248e-01
1.14564e+00
5.18026e-01
6.98335e-01
5.64116e-01
3.55034e-01
1.00000e+00
1.25947e+00
4.35458e-01
6.51163e-01
5.05019e-01
2.34609e-01
9.14417e-01
1.20051e+00
3.54672e-01
5.38345e-01
4.21717e-01
1.57756e-01
8.32832e-01
1.04798e+00
3.13554e-01
4.13665e-01
3.77385e-01
1.41866e-01
6.02257e-01
1.07079e+00
2.79402e-01
4.04236e-01
3.27851e-01
1.29565e-01
6.27029e-01
1.05044e+00
2.58091e-01
4.10268e-01
3.04061e-01
1.44423e-01
5.57027e-01
1.09404e+00
2.56521e-01
4.18104e-01
3.10789e-01
1.54890e-01
5.56056e-01
1.04355e+00
2.52919e-01
4.03410e-01
3.20390e-01
1.41082e-01
6.04405e-01
9.99947e-01
2.30265e-01
4.08505e-01
2.97366e-01
1.29004e-01
6.27851e-01
8.19851e-01
2.30258e-01
3.66598e-01
3.09805e-01
1.23687e-01
5.74943e-01
6.44498e-01
2.36522e-01
3.25972e-01
3.43204e-01
1.18796e-01
7.05588e-01
6.21034e-01
2.12574e-01
3.42360e-01
3.10740e-01
9.98938e-02
6.79153e-01
7.77360e-01
1.81763e-01
3.42332e-01
2.90031e-01
9.45611e-02
6.45730e-01
9.01115e-01
1.85886e-01
3.22565e-01
3.10472e-01
1.06490e-01
6.39210e-01
9.64693e-01
1.80650e-01
2.64784e-01
2.68977e-01
9.51288e-02
4.95656e-01
7.01696e-01
1.59160e-01
2.43089e-01
2.37110e-01
7.42620e-02
4.35799e-01
6.25155e-01
1.76332e-01
2.14609e-01
2.23522e-01
7.35401e-02
4.60235e-01
5.97369e-01
1.84495e-01
1.81277e-01
2.39322e-01
7.04549e-02
5.56093e-01
7.86731e-01
1.67435e-01
1.52889e-01
2.28357e-01
5.78135e-02
5.19570e-01
7.76853e-01
1.46725e-01
1.52609e-01
1.98946e-01
4.76840e-02
4.72322e-01
7.32861e-01
1.60270e-01
1.49891e-01
1.96268e-01
5.01707e-02
4.31595e-01
5.00428e-01
1.63457e-01
2.03045e-01
2.26085e-01
5.00002e-02
2.11052e-01
4.94966e-01
1.75848e-01
2.10992e-01
2.26825e-01
5.95811e-02
1.72119e-01
4.14326e-01
1.79061e-01
2.08843e-01
1.81597e-01
6.86186e-02
6.08665e-02
5.19402e-01
1.76843e-01
2.10767e-01
1.72814e-01
6.97217e-02
1.67467e-01
6.16259e-01
1.58236e-01
1.96293e-01
1.80275e-01
6.65183e-02
1.62815e-01
6.37367e-01
1.24540e-01
1.82089e-01
1.62662e-01
6.28686e-02
1.36922e-01
5.85537e-01
1.20671e-01
1.78463e-01
1.25810e-01
5.36480e-02
1.48392e-01
5.69236e-01
1.23532e-01
1.62933e-01
1.43010e-01
4.92960e-02
1.19061e-01
5.21769e-01
1.22814e-01
1.52384e-01
1.62597e-01
5.23163e-02
6.64338e-02
5.01981e-01
1.33348e-01
1.48932e-01
1.69771e-01
6.10912e-02
1.38846e-01
4.81221e-01
1.33895e-01
1.31263e-01
1.46501e-01
5.33606e-02
1.04415e-01
4.72368e-01
1.39388e-01
1.24790e-01
1.40289e-01
5.13290e-02
1.02976e-01
4.68015e-01
1.35870e-01
1.42872e-01
1.13343e-01
4.85367e-02
3.16849e-02
4.61022e-01
1.26513e-01
1.19933e-01
8.81526e-02
3.58580e-02
1.00174e-01
5.17004e-01
1.28527e-01
1.18900e-01
8.72044e-02
3.10542e-02
0.00000e+00
6.87476e-01
1.39297e-01
1.40343e-01
1.11423e-01
3.05571e-02
0.00000e+00
6.73308e-01
1.28952e-01
1.48073e-01
1.22342e-01
3.09439e-02
0.00000e+00
6.63050e-01
1.19538e-01
1.37221e-01
1.20450e-01
3.04874e-02
0.00000e+00
5.20564e-01
1.19162e-01
1.37708e-01
1.16084e-01
3.11467e-02
0.00000e+00
3.50050e-01
1.11574e-01
1.21200e-01
6.97246e-02
3.09159e-02
0.00000e+00
3.46944e-01
1.05151e-01
1.15434e-01
5.75685e-02
2.93394e-02
0.00000e+00
