49
6
4.93834e-01
7.59175e-01
5.87706e-01
7.89623e-01
9.29931e-01
0.00000e+00
6.93455e-01
9.36148e-01
7.43067e-01
9.24483e-01
1.15082e+00
0.00000e+00
1.04179e+00
1.00000e+00
9.74254e-01
1.05793e+00
1.15886e+00
5.91852e-01
9.83732e-01
9.62002e-01
1.09072e+00
1.09238e+00
9.91383e-01
6.84910e-01
9.16106e-01
8.70771e-01
9.88214e-01
1.05124e+00
8.54809e-01
6.54346e-01
7.04458e-01
8.11807e-01
8.51705e-01
9.93383e-01
7.23799e-01
1.00000e+00
4.98468e-01
6.94492e-01
7.74481e-01
8.97970e-01
6.61939e-01
8.65061e-01
5.89492e-01
5.34411e-01
6.60292e-01
7.79495e-01
5.67995e-01
3.69428e-01
6.94879e-01
4.56371e-01
6.75588e-01
6.57072e-01
4.48305e-01
4.31642e-01
3.42242e-01
4.23088e-01
7.47213e-01
5.72485e-01
3.60614e-01
4.51376e-01
2.88508e-01
4.07109e-01
7.09722e-01
5.17647e-01
2.97675e-01
2.11537e-01
3.48804e-01
3.61362e-01
6.52333e-01
4.86318e-01
2.70440e-01
2.60302e-01
2.98951e-01
2.79991e-01
5.90301e-01
4.54042e-01
2.59891e-01
3.36731e-01
2.92877e-01
3.07414e-01
4.30607e-01
4.43683e-01
2.80240e-01
2.28484e-01
3.03520e-01
3.07739e-01
3.36185e-01
4.45718e-01
2.67609e-01
4.25319e-01
2.90877e-01
2.46958e-01
2.73516e-01
4.46722e-01
2.59295e-01
5.40132e-01
2.86700e-01
2.81839e-01
2.85593e-01
4.48564e-01
2.78272e-01
5.09998e-01
1.65940e-01
2.90284e-01
2.70678e-01
4.55391e-01
2.74304e-01
4.87159e-01
1.18231e-01
2.74335e-01
2.45507e-01
4.38707e-01
2.60017e-01
5.13889e-01
1.33595e-01
2.45967e-01
2.30357e-01
4.22708e-01
2.52333e-01
3.90060e-01
2.50626e-01
2.40268e-01
2.69079e-01
4.32567e-01
2.50393e-01
4.94922e-01
3.25486e-01
2.08305e-01
2.48420e-01
3.90273e-01
2.22549e-01
6.02682e-01
2.93590e-01
1.70362e-01
2.01330e-01
3.46429e-01
2.01277e-01
4.96848e-01
2.17569e-01
1.54100e-01
1.88180e-01
3.47281e-01
1.98684e-01
3.71374e-01
1.85881e-01
1.48936e-01
1.79038e-01
3.47279e-01
2.04375e-01
4.81510e-01
2.08559e-01
1.62680e-01
1.74532e-01
3.49967e-01
1.91364e-01
4.82763e-01
2.54619e-01
1.62835e-01
2.08916e-01
3.43346e-01
1.81369e-01
3.98272e-01
3.04336e-01
1.58744e-01
2.54061e-01
3.41800e-01
1.90998e-01
3.85833e-01
3.81509e-01
1.71721e-01
2.56109e-01
3.95189e-01
1.99999e-01
4.65928e-01
4.17278e-01
1.61505e-01
2.75903e-01
3.93407e-01
2.07506e-01
3.69129e-01
2.98583e-01
1.26424e-01
2.40392e-01
3.18954e-01
1.96625e-01
2.16120e-01
2.39047e-01
1.03241e-01
2.10224e-01
3.07786e-01
1.99998e-01
1.73154e-01
1.52344e-01
1.26794e-01
1.84125e-01
2.95160e-01
2.00294e-01
5.41142e-02
8.27819e-02
1.17698e-01
1.63777e-01
2.60732e-01
1.89815e-01
2.68420e-02
4.17870e-02
9.27472e-02
1.60005e-01
2.17092e-01
1.76862e-01
1.12157e-01
7.93810e-02
1.15768e-01
1.64815e-01
1.94455e-01
2.03436e-01
1.20742e-01
7.59160e-02
1.23047e-01
1.67701e-01
2.16734e-01
2.05668e-01
5.70135e-02
1.36932e-01
1.03275e-01
1.75086e-01
2.08357e-01
2.12061e-01
1.21472e-01
2.43168e-01
7.54601e-02
1.72235e-01
2.11816e-01
2.14932e-01
1.20031e-01
3.38993e-01
7.40682e-02
1.46260e-01
2.28940e-01
2.24642e-01
7.41849e-02
3.47692e-01
4.81699e-02
1.21020e-01
2.31768e-01
2.17452e-01
1.53607e-01
3.40314e-01
4.73322e-02
1.19220e-01
2.03247e-01
1.98125e-01
2.63370e-01
3.09322e-01
5.21810e-02
1.30349e-01
2.21249e-01
2.00138e-01
1.51437e-01
3.01544e-01
6.90600e-02
9.07197e-02
2.03610e-01
2.01485e-01
8.24152e-02
2.53323e-01
5.62764e-02
1.31103e-01
1.45257e-01
1.78831e-01
9.46110e-02
2.31181e-01
4.93932e-02
1.76436e-01
1.42156e-01
1.67651e-01
0.00000e+00
2.04918e-01
3.32646e-02
1.38045e-01
1.37854e-01
1.70741e-01
0.00000e+00
1.45166e-01
7.59658e-04
1.27276e-01
9.63106e-02
1.60943e-01
0.00000e+00
1.42278e-01
0.00000e+00
1.59839e-01
9.23844e-02
1.58859e-01
0.00000e+00
