49
6
8.20275e-01
6.98917e-01
5.92351e-01
6.80082e-01
6.38818e-01
8.21202e-01
1.07530e+00
1.09848e+00
8.00882e-01
1.05238e+00
9.06651e-01
8.42176e-01
9.46610e-01
1.08993e+00
1.07137e+00
1.22410e+00
1.07117e+00
8.61112e-01
8.35430e-01
9.37294e-01
1.06685e+00
1.18806e+00
9.56024e-01
8.83708e-01
4.09239e-01
8.05486e-01
8.15879e-01
1.10288e+00
7.89799e-01
1.00000e+00
3.69139e-01
6.33341e-01
7.28008e-01
9.68056e-01
5.91622e-01
9.17953e-01
4.29908e-01
4.61165e-01
6.29784e-01
8.80912e-01
3.79448e-01
8.05862e-01
3.82941e-01
3.50648e-01
5.51424e-01
7.72711e-01
2.89292e-01
7.14681e-01
4.15903e-01
2.93215e-01
4.59726e-01
7.15381e-01
2.31481e-01
6.92721e-01
6.65013e-01
2.28611e-01
3.81777e-01
6.42780e-01
2.06473e-01
6.28019e-01
8.71658e-01
2.34694e-01
2.58315e-01
5.78795e-01
2.04564e-01
5.69651e-01
6.60581e-01
2.55505e-01
2.37616e-01
5.58043e-01
1.95754e-01
4.49381e-01
5.04526e-01
1.91747e-01
2.15683e-01
5.13237e-01
1.89041e-01
2.83536e-01
6.35387e-01
1.62770e-01
1.66408e-01
4.75517e-01
1.77199e-01
1.66449e-01
6.71179e-01
1.77253e-01
1.74363e-01
4.09381e-01
1.64013e-01
1.89587e-01
4.20398e-01
1.41476e-01
2.41940e-01
4.13448e-01
1.40194e-01
2.19917e-02
3.05781e-01
1.28901e-01
2.06473e-01
4.04221e-01
1.21231e-01
3.42764e-02
1.97135e-01
1.39929e-01
1.59961e-01
3.96808e-01
1.00236e-01
4.88845e-02
1.32339e-01
1.68626e-01
2.11104e-01
4.24493e-01
1.07283e-01
1.51205e-01
1.70456e-01
1.89469e-01
2.67427e-01
4.25500e-01
1.01878e-01
0.00000e+00
3.22165e-01
1.84735e-01
2.24141e-01
4.22140e-01
9.16152e-02
1.75138e-01
3.39956e-01
1.78567e-01
2.08779e-01
3.87688e-01
8.83751e-02
3.87161e-01
3.33230e-01
1.67998e-01
1.89856e-01
3.86010e-01
8.78126e-02
4.14309e-01
2.63550e-01
1.54014e-01
1.12162e-01
3.80307e-01
8.15431e-02
5.11728e-01
2.07135e-01
1.35275e-01
9.98302e-02
3.62961e-01
8.23361e-02
4.98647e-01
1.87789e-01
1.26121e-01
1.41025e-01
3.47286e-01
8.43773e-02
4.04156e-01
1.89142e-01
1.35775e-01
2.28994e-01
3.47065e-01
8.95946e-02
3.48716e-01
1.42634e-01
1.48757e-01
2.34246e-01
3.30888e-01
8.73935e-02
3.60905e-01
1.97928e-01
1.37899e-01
2.50327e-01
3.22791e-01
7.93224e-02
2.94516e-01
2.61061e-01
1.33912e-01
2.82776e-01
3.33002e-01
7.67252e-02
2.59349e-01
3.10578e-01
1.37923e-01
2.43227e-01
3.51783e-01
7.82464e-02
3.31657e-01
2.84397e-01
1.25710e-01
2.10555e-01
3.40364e-01
7.11708e-02
2.04672e-01
2.84583e-01
1.20123e-01
2.07133e-01
3.28776e-01
7.51105e-02
5.34038e-02
1.81887e-01
1.23028e-01
1.90751e-01
3.12970e-01
8.64570e-02
0.00000e+00
1.81482e-01
1.21248e-01
1.63723e-01
2.93160e-01
8.65398e-02
0.00000e+00
2.02882e-01
1.18331e-01
1.56545e-01
2.83284e-01
7.58633e-02
0.00000e+00
2.39374e-01
1.18023e-01
1.53233e-01
2.85890e-01
7.74214e-02
0.00000e+00
2.31956e-01
1.16538e-01
1.62266e-01
2.89002e-01
8.56664e-02
0.00000e+00
2.60237e-01
1.23349e-01
1.60542e-01
2.78605e-01
8.69203e-02
6.84256e-03
2.62127e-01
1.39019e-01
1.57276e-01
2.72369e-01
9.16226e-02
0.00000e+00
2.03970e-01
1.41936e-01
1.32436e-01
2.47295e-01
9.26289e-02
0.00000e+00
1.80456e-01
1.28368e-01
8.52972e-02
2.41251e-01
9.39598e-02
0.00000e+00
2.05292e-01
1.09370e-01
7.21359e-02
2.50980e-01
8.06238e-02
0.00000e+00
1.97198e-01
1.00406e-01
7.13651e-02
2.37818e-01
7.28618e-02
1.56138e-01
1.84181e-01
9.84831e-02
9.49967e-02
2.40602e-01
7.13996e-02
2.01712e-01
1.96793e-01
1.11434e-01
1.31123e-01
2.45767e-01
7.27683e-02
2.88788e-01
1.72097e-01
1.17404e-01
1.35167e-01
2.36099e-01
7.62249e-02
2.02699e-01
1.09913e-01
1.16872e-01
1.32972e-01
2.25966e-01
7.79660e-02
1.47354e-02
7.53021e-02
1.11043e-01
1.12057e-01
2.24099e-01
7.77757e-02
0.00000e+00
