50
4
9.50000e-01
2.00000e-01
6.00000e-01
8.00000e-01
9.52926e-01
2.91204e-01
6.45206e-01
7.10552e-01
9.55680e-01
3.71843e-01
6.85163e-01
6.36139e-01
9.58273e-01
4.42987e-01
7.20467e-01
5.81145e-01
9.60711e-01
5.05517e-01
7.51648e-01
5.47749e-01
9.63000e-01
5.60143e-01
7.79179e-01
5.31932e-01
9.65137e-01
6.07442e-01
8.03483e-01
5.27343e-01
9.67112e-01
6.47920e-01
8.24939e-01
5.29067e-01
9.68903e-01
6.82073e-01
8.43889e-01
5.34064e-01
9.70482e-01
7.10440e-01
8.60637e-01
5.40572e-01
9.71819e-01
7.33622e-01
8.75454e-01
5.47595e-01
9.72888e-01
7.52273e-01
8.88579e-01
5.54584e-01
9.73680e-01
7.67058e-01
9.00220e-01
5.61247e-01
9.74201e-01
7.78618e-01
9.10560e-01
5.67445e-01
9.74473e-01
7.87539e-01
9.19756e-01
5.73124e-01
9.74524e-01
7.94332e-01
9.27942e-01
5.78278e-01
9.74392e-01
7.99432e-01
9.35236e-01
5.82928e-01
9.74113e-01
8.03198e-01
9.41741e-01
5.87108e-01
9.73721e-01
8.05922e-01
9.47544e-01
5.90855e-01
9.73246e-01
8.07839e-01
9.52724e-01
5.94211e-01
9.72713e-01
8.09136e-01
9.57349e-01
5.97213e-01
9.72145e-01
8.09961e-01
9.61479e-01
5.99896e-01
9.71557e-01
8.10428e-01
9.65167e-01
6.02295e-01
9.70964e-01
8.10628e-01
9.68462e-01
6.04438e-01
9.70374e-01
8.10631e-01
9.71405e-01
6.06352e-01
9.69796e-01
8.10490e-01
9.74034e-01
6.08063e-01
9.69234e-01
8.10247e-01
9.76383e-01
6.09592e-01
9.68693e-01
8.09933e-01
9.78481e-01
6.10957e-01
9.68175e-01
8.09573e-01
9.80356e-01
6.12177e-01
9.67680e-01
8.09185e-01
9.82030e-01
6.13266e-01
9.67211e-01
8.08782e-01
9.83525e-01
6.14240e-01
9.66767e-01
8.08375e-01
9.84861e-01
6.15109e-01
9.66348e-01
8.07971e-01
9.86055e-01
6.15886e-01
9.65952e-01
8.07574e-01
9.87121e-01
6.16580e-01
9.65581e-01
8.07190e-01
9.88074e-01
6.17200e-01
9.65231e-01
8.06819e-01
9.88924e-01
6.17754e-01
9.64904e-01
8.06465e-01
9.89684e-01
6.18248e-01
9.64596e-01
8.06127e-01
9.90363e-01
6.18690e-01
9.64308e-01
8.05807e-01
9.90970e-01
6.19085e-01
9.64039e-01
8.05504e-01
9.91512e-01
6.19438e-01
9.63786e-01
8.05218e-01
9.91996e-01
6.19753e-01
9.63550e-01
8.04948e-01
9.92429e-01
6.20034e-01
9.63330e-01
8.04695e-01
9.92816e-01
6.20286e-01
9.63123e-01
8.04457e-01
9.93161e-01
6.20510e-01
9.62930e-01
8.04234e-01
9.93470e-01
6.20711e-01
9.62750e-01
8.04024e-01
9.93746e-01
6.20891e-01
9.62582e-01
8.03828e-01
9.93993e-01
6.21051e-01
9.62425e-01
8.03644e-01
9.94214e-01
6.21194e-01
9.62278e-01
8.03473e-01
9.94411e-01
6.21323e-01
9.62141e-01
8.03312e-01
9.94588e-01
6.21437e-01
